[[ 6.32565816e-01  6.17360733e-02  2.21390275e+02]
 [ 2.33931853e-01  1.16770981e+00 -3.06438015e+01]
 [ 5.10606221e-04 -4.44256182e-05  1.00000000e+00]]
 
 [[ 6.40112506e-01  5.81066305e-02  2.18578082e+02]
 [ 2.24505289e-01  1.16580204e+00 -2.52760457e+01]
 [ 5.11984626e-04 -4.52902213e-05  1.00000000e+00]]
 
 [[ 6.23468335e-01  5.79979338e-02  2.21569389e+02]
 [ 2.14776142e-01  1.15295414e+00 -2.15478675e+01]
 [ 4.97994799e-04 -5.58004795e-05  1.00000000e+00]]
 
 [[ 6.26641550e-01  6.60793723e-02  2.18757646e+02]
 [ 2.20089686e-01  1.15521747e+00 -2.38536531e+01]
 [ 4.91977615e-04 -5.27039617e-05  1.00000000e+00]]
 
 [[ 6.46961403e-01  6.99030878e-02  2.18271612e+02]
 [ 2.35461753e-01  1.19373513e+00 -3.31643827e+01]
 [ 5.31684396e-04 -2.49962496e-05  1.00000000e+00]]
 
 [[ 6.33179202e-01  5.90312290e-02  2.19779411e+02]
 [ 2.25906928e-01  1.17210424e+00 -2.81960543e+01]
 [ 5.02467574e-04 -4.34870790e-05  1.00000000e+00]]
 
 [[ 6.25170214e-01  6.30718258e-02  2.20377906e+02]
 [ 2.19019399e-01  1.16637164e+00 -2.45215250e+01]
 [ 4.88113336e-04 -3.34116504e-05  1.00000000e+00]]